1.999000000000000000e+03,8.217281289536573219e-01,1.255330115739655972e-01,1.365915374162410441e-02,3.603392530809240712e-02,3.045780422660606269e-03
2.000000000000000000e+03,8.214367736897707495e-01,1.231225024114647876e-01,1.410132745395250610e-02,3.835377336824215971e-02,2.985623076569748555e-03
2.001000000000000000e+03,8.131200741770978624e-01,1.276309689383402779e-01,1.585535465924895610e-02,4.047287899860917831e-02,2.920723226703755230e-03
2.002000000000000000e+03,8.113696285674637521e-01,1.288681252601877880e-01,1.646699662334058165e-02,3.987233452056061778e-02,3.422915028447199356e-03
2.003000000000000000e+03,8.052777969335448427e-01,1.309105119187182475e-01,1.712525572948991881e-02,4.330735811323357248e-02,3.379077305013447521e-03
2.004000000000000000e+03,8.039101322819214301e-01,1.292723327811865774e-01,1.833749387583696877e-02,4.453724657630123845e-02,3.942794484753750495e-03
2.005000000000000000e+03,7.979187958747561149e-01,1.347672581993867857e-01,1.848926879122921030e-02,4.496887484901979093e-02,3.855802285608102026e-03
2.006000000000000000e+03,7.962168213835890684e-01,1.328077622801697999e-01,1.933572794700751107e-02,4.790782292298362971e-02,3.731865466249941875e-03
2.007000000000000000e+03,7.931058724281764283e-01,1.358672728124853679e-01,1.844214275671368988e-02,4.864788864413929076e-02,3.936823358485260459e-03
2.008000000000000000e+03,7.888085375272063660e-01,1.369327622925881616e-01,2.019705586369912806e-02,5.008308174775913391e-02,3.978562568747220918e-03
2.009000000000000000e+03,7.888085375272063660e-01,1.369327622925881616e-01,2.019705586369912806e-02,5.008308174775913391e-02,3.978562568747220918e-03
2.010000000000000000e+03,7.815481277863759457e-01,1.393130211822318776e-01,2.219860941073202240e-02,5.301332840544224073e-02,3.926913215217943919e-03
2.011000000000000000e+03,7.759353348729791655e-01,1.430023094688221696e-01,2.256351039260970012e-02,5.471131639722863482e-02,3.787528868360276989e-03
2.012000000000000000e+03,7.714279185613417411e-01,1.413522838927861458e-01,2.358156433516897868e-02,5.970797248817494296e-02,3.930260722528162824e-03
2.013000000000000000e+03,7.709448439043440349e-01,1.398084123957639424e-01,2.407479727091038635e-02,6.135857205210080295e-02,3.813374376880843391e-03
