1.999000000000000000e+03,8.429206129480439902e-01,8.282228883471676184e-02,2.115088069295089496e-02,4.964553444651972208e-02,3.460683077768673867e-03
2.000000000000000000e+03,8.384330064529241788e-01,8.316650576698338126e-02,2.174178141354606020e-02,5.311721965347289409e-02,3.541486713073522478e-03
2.001000000000000000e+03,8.366036389582589550e-01,8.379910413445910977e-02,2.286240932334403578e-02,5.284516589368534051e-02,3.889681690252507363e-03
2.002000000000000000e+03,8.290348298370621150e-01,8.694005680402611125e-02,2.459514674373411772e-02,5.537894264786486637e-02,4.051023967312770632e-03
2.003000000000000000e+03,8.191921016781981146e-01,9.622417640366595637e-02,2.474573126370219200e-02,5.565348163845255935e-02,4.184509015981211465e-03
2.004000000000000000e+03,8.138067003817163192e-01,9.808851169369683931e-02,2.636168110213334831e-02,5.761107558759131358e-02,4.132031234862136235e-03
2.005000000000000000e+03,8.091150749682579635e-01,9.810784206496774018e-02,2.719590658569872796e-02,6.143925740290742676e-02,4.141918978168139878e-03
2.006000000000000000e+03,8.052247478268953484e-01,1.004508901594384773e-01,2.780644261609259427e-02,6.224608376330590526e-02,4.271835634267652157e-03
2.007000000000000000e+03,8.006183494756198282e-01,1.024693416741406377e-01,2.880823504491146145e-02,6.336279356952601027e-02,4.741280235802073674e-03
2.008000000000000000e+03,7.967688788789666354e-01,1.027964490092806021e-01,3.053659220569806057e-02,6.549877748468568850e-02,4.399302421369041989e-03
2.009000000000000000e+03,7.967688788789666354e-01,1.027964490092806021e-01,3.053659220569806057e-02,6.549877748468568850e-02,4.399302421369041989e-03
2.010000000000000000e+03,7.882518634078696795e-01,1.067516033974692385e-01,3.328566475992372764e-02,6.710001733402669311e-02,4.610851100710695004e-03
2.011000000000000000e+03,7.828020038950604942e-01,1.081699525105473680e-01,3.373896364469981812e-02,7.024989799652557598e-02,5.039181953166734992e-03
2.012000000000000000e+03,7.813932248422450488e-01,1.076095981401527790e-01,3.498422451012952322e-02,7.115576220524742757e-02,4.857190302225174519e-03
2.013000000000000000e+03,7.761583862411295387e-01,1.090814556650946676e-01,3.620883651592514407e-02,7.338443353115364776e-02,5.166888046696968897e-03
