1.999000000000000000e+03,8.573591325141362018e-01,9.251007056079516011e-02,1.459362010581444560e-02,3.222044497702360871e-02,3.316731842230555543e-03
2.000000000000000000e+03,8.573793264957446647e-01,9.103005593906846049e-02,1.610576795133141295e-02,3.186025345560801469e-02,3.624596158247419837e-03
2.001000000000000000e+03,8.554114790515059408e-01,9.171875807201529396e-02,1.596321744071911922e-02,3.304747636513922365e-02,3.859069070620447552e-03
2.002000000000000000e+03,8.546867580001940023e-01,9.108502392271201897e-02,1.648803353775294897e-02,3.377263977042366250e-02,3.967544768917324709e-03
2.003000000000000000e+03,8.488590502415321870e-01,9.730837106534380443e-02,1.687649922643464501e-02,3.301964903316158967e-02,3.936430433527789499e-03
2.004000000000000000e+03,8.463595518291536779e-01,9.788227995638605627e-02,1.735158100537654777e-02,3.407809151408053294e-02,4.328495695003195531e-03
2.005000000000000000e+03,8.453712186431080466e-01,9.786066468094117843e-02,1.812473241044669503e-02,3.423304805793284805e-02,4.410336207571230981e-03
2.006000000000000000e+03,8.448645282984315052e-01,9.740777027955059564e-02,1.849172702383459696e-02,3.490490884617850065e-02,4.331065552004834465e-03
2.007000000000000000e+03,8.418816223136218468e-01,9.794441569289716321e-02,1.934373836697264246e-02,3.634952196769536403e-02,4.480701658812954839e-03
2.008000000000000000e+03,8.405302826861449361e-01,9.760638774012209140e-02,1.986322215657840631e-02,3.706786973879728359e-02,4.932237678357234006e-03
2.009000000000000000e+03,8.357550677862445321e-01,1.006682647882042592e-01,2.108806185355314305e-02,3.768977693258873662e-02,4.798828639409320404e-03
2.010000000000000000e+03,8.330522994299457418e-01,1.016152291744836234e-01,2.185735532781512419e-02,3.824020035532329359e-02,5.234915712432246584e-03
2.011000000000000000e+03,8.308463824307044110e-01,1.020309719814149890e-01,2.237573209190569026e-02,3.967289655831478939e-02,5.074016937660127263e-03
2.012000000000000000e+03,8.290505364022701107e-01,1.031029224675406725e-01,2.326966281996914118e-02,3.946098113343739222e-02,5.115897176782668691e-03
2.013000000000000000e+03,8.266295552523379442e-01,1.019460826756483501e-01,2.468755241458405955e-02,4.141035462857609040e-02,5.326455028853520172e-03
