1.999000000000000000e+03,8.590588930875813212e-01,1.025230713863396759e-01,1.245469268142207139e-02,2.276933754916326061e-02,3.194005295493689174e-03
2.000000000000000000e+03,8.602440542426585957e-01,1.009222760792893442e-01,1.295084337652376710e-02,2.286515405845482643e-02,3.017672243073499152e-03
2.001000000000000000e+03,8.587066046651353757e-01,1.001495797372653762e-01,1.386272460430213772e-02,2.385765516550778995e-02,3.423435827789286616e-03
2.002000000000000000e+03,8.572559644206919627e-01,1.008616477079428697e-01,1.347213717085119465e-02,2.497108253385044510e-02,3.439168166663573827e-03
2.003000000000000000e+03,8.552237148884200835e-01,1.009523457064258611e-01,1.488348568397419337e-02,2.551102229130429444e-02,3.429431429875528983e-03
2.004000000000000000e+03,8.528875080140060350e-01,1.014819746510825099e-01,1.551018395226118340e-02,2.595305025398234391e-02,4.167283128667948616e-03
2.005000000000000000e+03,8.514251505784902196e-01,1.011288805268109187e-01,1.593749618208696248e-02,2.739734395425834704e-02,4.111128758353593815e-03
2.006000000000000000e+03,8.515216043889956010e-01,1.011641393530649941e-01,1.669806631359962643e-02,2.671936079728510702e-02,3.896829147054672350e-03
2.007000000000000000e+03,8.491243110838946340e-01,1.009491733006736003e-01,1.739742804654011155e-02,2.827311696264543650e-02,4.255970606246172599e-03
2.008000000000000000e+03,8.486602935236300382e-01,9.937941417677516320e-02,1.810347993194364596e-02,2.938908405449404404e-02,4.467728313157153658e-03
2.009000000000000000e+03,8.476464158960567152e-01,1.002407004875412871e-01,1.856832332461407983e-02,2.933230175981529908e-02,4.212258531972638657e-03
2.010000000000000000e+03,8.433804335837449262e-01,1.022132624174315885e-01,1.926494197232809374e-02,3.033125405948602221e-02,4.810107967009399736e-03
2.011000000000000000e+03,8.411019433353287278e-01,1.023568109305669493e-01,2.055652581754000702e-02,3.139946063033429574e-02,4.585259286230027910e-03
2.012000000000000000e+03,8.386577148197333909e-01,1.031675766071516454e-01,2.115611627563818847e-02,3.212458806748315354e-02,4.894004229993606167e-03
2.013000000000000000e+03,8.356208482687319528e-01,1.046623206978313514e-01,2.190937850169319412e-02,3.313956007899510059e-02,4.667892452748422828e-03
