1.999000000000000000e+03,7.933369943254622303e-01,1.634327902861675563e-01,9.274513393129537459e-03,3.203368112758557540e-02,1.922020867655134567e-03
2.000000000000000000e+03,7.891376786770888385e-01,1.664850051384260954e-01,9.342592880944224076e-03,3.216966148671794590e-02,2.865061816822895690e-03
2.001000000000000000e+03,7.846611363280638907e-01,1.648145249647832156e-01,9.265925809985912920e-03,3.837846298325246763e-02,2.879949913914540537e-03
2.002000000000000000e+03,7.871742220818196412e-01,1.625335649976307195e-01,9.413994629600378958e-03,3.819301848049281439e-02,2.685199810456484135e-03
2.003000000000000000e+03,7.874435381665746414e-01,1.590355181490267500e-01,1.065869430994703139e-02,3.961264745068729387e-02,3.249601923764338859e-03
2.004000000000000000e+03,7.845899470899471151e-01,1.592261904761904656e-01,1.197089947089947058e-02,4.093915343915344174e-02,3.273809523809523888e-03
2.005000000000000000e+03,7.812282734646581739e-01,1.596755504055620001e-01,1.231584174805495750e-02,4.303923191524582081e-02,3.741102466479059863e-03
2.006000000000000000e+03,7.800302571860816547e-01,1.579425113464447694e-01,1.237182719784837848e-02,4.615901832240712488e-02,3.496385947218020023e-03
2.007000000000000000e+03,7.752989352989353433e-01,1.607862407862407916e-01,1.356265356265356180e-02,4.691236691236691514e-02,3.439803439803439718e-03
2.008000000000000000e+03,7.811549135653860221e-01,1.533754639382084450e-01,1.300698833049118881e-02,4.801551476243019756e-02,4.447119403484134370e-03
2.009000000000000000e+03,7.714740550060967816e-01,1.623763717653434469e-01,1.375152418371494364e-02,4.863839588131689540e-02,3.759653163527977137e-03
2.010000000000000000e+03,7.699617876723707788e-01,1.612560225951154558e-01,1.388935039043030437e-02,5.100515035720219054e-02,3.887688984881209394e-03
2.011000000000000000e+03,7.692411832396940374e-01,1.576524741081703207e-01,1.539971569755635254e-02,5.334055371285453123e-02,4.366073241724768503e-03
2.012000000000000000e+03,7.661603551116660249e-01,1.593494243306977365e-01,1.487723678734914623e-02,5.520876681925371288e-02,4.404216951033430687e-03
2.013000000000000000e+03,7.691966570015350557e-01,1.544601739723691081e-01,1.613508442776735372e-02,5.573938256865085955e-02,4.468702029677639430e-03
