1.999000000000000000e+03,8.194002225195986533e-01,1.156743010372284497e-01,1.442788365403842310e-02,4.753408292700433968e-02,2.963509862130138135e-03
2.000000000000000000e+03,8.133806134847620939e-01,1.193592382274902691e-01,1.477918020184987649e-02,4.964911845661715284e-02,2.831849629280630640e-03
2.001000000000000000e+03,8.127662201370454698e-01,1.186350534458442407e-01,1.571796929535061380e-02,4.977990094355302236e-02,3.100856178206632102e-03
2.002000000000000000e+03,8.090588808515423169e-01,1.175368239571230461e-01,1.613976237772197370e-02,5.382107117424384662e-02,3.443461639368839214e-03
2.003000000000000000e+03,7.971389192528872680e-01,1.294377643648115528e-01,1.661993251271327507e-02,5.333396701677677043e-02,3.469416852811178353e-03
2.004000000000000000e+03,7.929195279685312681e-01,1.310754050270017956e-01,1.763927118950787271e-02,5.474650690998447700e-02,3.619288904974617398e-03
2.005000000000000000e+03,7.922007890031503852e-01,1.319215159456212094e-01,1.701938450185898344e-02,5.528225310539908871e-02,3.576057443970369690e-03
2.006000000000000000e+03,7.953027850935234788e-01,1.289109108501065304e-01,1.724250142096608179e-02,5.512046755207677950e-02,3.423335083327186737e-03
2.007000000000000000e+03,7.913881363504092770e-01,1.311370594575984871e-01,1.784506678579772174e-02,5.610498833963826343e-02,3.524749066556279349e-03
2.008000000000000000e+03,7.822295767885314444e-01,1.360861513135331602e-01,1.804822004252692319e-02,6.001354688250223196e-02,3.622504972906235091e-03
2.009000000000000000e+03,7.713489584700313761e-01,1.433076997104187900e-01,1.865217885794773559e-02,6.281987349413400978e-02,3.871289467468045590e-03
2.010000000000000000e+03,7.692599256546319708e-01,1.447862342335759778e-01,1.928960900181753493e-02,6.266839591191809833e-02,3.995835198056425959e-03
2.011000000000000000e+03,7.675459351297270194e-01,1.462307730441797515e-01,2.032097129645904152e-02,6.217072500214070735e-02,3.731595527493476293e-03
2.012000000000000000e+03,7.548065170951525626e-01,1.541433293301165963e-01,2.033669532686441933e-02,6.657916272544664449e-02,4.134295522419785020e-03
2.013000000000000000e+03,7.512483776589894413e-01,1.551287973778569806e-01,2.118942343650322135e-02,6.824281220440396589e-02,4.190589322246419425e-03
